
0 [0,0,0,0,0,0,0,0,0,0,0,0,0,0,0,0,]
0.02131519 [0,0,0,0,0,0,0,0,0,0,0,0,0,0,0,0,]
0.04265306 [0,0,0,0,0,0,0,0,0,0,0,0,0,0,0,0,]
0.06399093 [0,0,0,0,0,0,0,0,0,0,0,0,0,0,0,0,]
0.0853288 [-0.1353173,-0.1230688,-0.1339142,-0.1127051,-0.08649193,-0.1030904,-0.1017155,-0.08598621,-0.1029134,-0.1128658,-0.1134721,-0.10855,-0.09342232,-0.09583972,-0.1330268,-0.1661228,]
0.106644 [-0.214346,-0.2179098,-0.2181665,-0.2211613,-0.2266567,-0.2326431,-0.2342796,-0.2270665,-0.2179877,-0.2177103,-0.223053,-0.220662,-0.2093931,-0.2062154,-0.2190411,-0.2289909,]
0.1279819 [-0.02706909,-0.02695225,-0.02120445,-0.0371694,-0.108144,-0.1880176,-0.208184,-0.1876281,-0.1836485,-0.1995838,-0.2005721,-0.1919892,-0.1971897,-0.1919909,-0.1837478,-0.196184,]
0.1493197 [0.05938924,0.07459534,0.08168679,0.07399388,0.07680553,0.085319,0.08277094,0.07517213,0.07729297,0.08051974,0.07834823,0.08163133,0.08115468,0.07949369,0.08254357,0.079347,]
0.1706576 [-0.1237465,-0.126004,-0.131118,-0.1298774,-0.1273267,-0.1297295,-0.1301612,-0.128354,-0.1327409,-0.1319838,-0.1323642,-0.1226981,-0.05821989,0.02635317,0.05449011,0.03212245,]
0.1706576 [-0.1237465,-0.126004,-0.131118,-0.1298774,-0.1273267,-0.1297295,-0.1301612,-0.128354,-0.1327409,-0.1319838,-0.1323642,-0.1226981,-0.05821989,0.02635317,0.05449011,0.03212245,]
0.1919955 [-0.129365,-0.1245181,-0.1272653,-0.1313131,-0.1242926,-0.1205081,-0.1286933,-0.1264783,-0.1262863,-0.1341399,-0.135729,-0.1329158,-0.1298595,-0.1272539,-0.128284,-0.1336381,]
0.2133107 [-0.1599386,-0.1653243,-0.1638148,-0.1598128,-0.163682,-0.1540792,-0.1499734,-0.1595333,-0.1610783,-0.157348,-0.1588321,-0.1625633,-0.1640597,-0.1671636,-0.1675129,-0.1621828,]
0.2559864 [0.01558739,0.01711525,0.0196212,0.02489181,0.02462529,0.01678509,-0.0001861039,-0.04060389,-0.1113009,-0.1725611,-0.1693577,-0.1383636,-0.1516817,-0.160237,-0.1485461,-0.1521401,]
0.2559864 [0.01558739,0.01711525,0.0196212,0.02489181,0.02462529,0.01678509,-0.0001861039,-0.04060389,-0.1113009,-0.1725611,-0.1693577,-0.1383636,-0.1516817,-0.160237,-0.1485461,-0.1521401,]
0.2986621 [-0.149781,-0.1537316,-0.1629855,-0.1609243,-0.1498729,-0.1526954,-0.1588868,-0.1461575,-0.1395489,-0.1446951,-0.1501532,-0.1539955,-0.1541447,-0.1515091,-0.1426036,-0.1071136,]
0.3199773 [-0.1556809,-0.1613806,-0.1603134,-0.1496519,-0.1535492,-0.1605279,-0.1555456,-0.1536699,-0.1569433,-0.1559679,-0.1521578,-0.1526517,-0.157193,-0.1598139,-0.159114,-0.1558772,]
0.3199773 [-0.1556809,-0.1613806,-0.1603134,-0.1496519,-0.1535492,-0.1605279,-0.1555456,-0.1536699,-0.1569433,-0.1559679,-0.1521578,-0.1526517,-0.157193,-0.1598139,-0.159114,-0.1558772,]
0.3413152 [-0.1640539,-0.1610233,-0.1510698,-0.1554849,-0.1622528,-0.155674,-0.1495041,-0.1492963,-0.1494008,-0.1510213,-0.1559175,-0.1525595,-0.139145,-0.1190085,-0.0621474,-0.01144356,]
0.362653 [-0.1501371,-0.1529574,-0.1503037,-0.1542467,-0.1572287,-0.1556938,-0.153059,-0.149583,-0.1337067,-0.08795588,-0.02488073,-0.005974352,-0.02809635,-0.02560817,-0.01783179,-0.02072676,]
0.3839909 [0.02596617,0.03349093,0.03090815,0.04003451,0.07863355,0.1341441,0.1709157,0.1667218,0.1501341,0.1572277,0.1387059,0.05819848,-0.02005644,-0.03373659,-0.01091131,-0.004817815,]
0.4053288 [-0.05450525,-0.01790071,-0.0158852,-0.004390958,0.04386459,0.1061222,0.1615983,0.1644581,0.1414111,0.1490956,0.152586,0.1381689,0.1386637,0.1506961,0.1484441,0.142029,]
0.426644 [-0.01227471,-0.00081285,-0.0003955618,-0.02308395,-0.01778476,-0.009104389,-0.0182007,-0.022033,-0.02452625,-0.03221856,-0.03705379,-0.03114756,-0.01820873,-0.009705776,-0.01659367,-0.03552153,]
0.4479818 [-0.01209394,-0.01277832,-0.01538585,-0.01817625,-0.02485755,-0.02218565,-0.01452264,-0.01517091,-0.01872875,-0.01661565,-0.01565007,-0.0215357,-0.02246518,-0.02116334,-0.02469613,-0.02322816,]
0.4693197 [-0.1558546,-0.1548206,-0.1506922,-0.1432272,-0.109005,-0.05087973,-0.008580996,-0.005149663,-0.01516057,-0.01250226,-0.01307495,-0.01795517,-0.01024472,-0.0081458,-0.01045556,-0.01186366,]
0.4906576 [-0.1581813,-0.1603668,-0.1585853,-0.1572829,-0.16192,-0.164582,-0.1571596,-0.155562,-0.1629467,-0.1592457,-0.1611764,-0.166677,-0.161635,-0.158416,-0.1591085,-0.15789,]
0.5119954 [-0.1612408,-0.1559176,-0.1509368,-0.1522497,-0.1576165,-0.1569781,-0.152522,-0.1544567,-0.1540575,-0.1547585,-0.161521,-0.1657657,-0.1657308,-0.1640949,-0.1605489,-0.1565491,]
0.5119954 [-0.1612408,-0.1559176,-0.1509368,-0.1522497,-0.1576165,-0.1569781,-0.152522,-0.1544567,-0.1540575,-0.1547585,-0.161521,-0.1657657,-0.1657308,-0.1640949,-0.1605489,-0.1565491,]
0.5333107 [-0.1495788,-0.1634602,-0.1624098,-0.1621661,-0.1681102,-0.1626299,-0.1587098,-0.1592751,-0.1569639,-0.1571046,-0.1606603,-0.1617604,-0.1595728,-0.1574529,-0.1517085,-0.148807,]
0.5759864 [-0.03019474,-0.03212176,-0.02924077,-0.02270109,-0.01938887,-0.01509737,-0.006851523,7.482688E-05,0.003194997,0.006745671,0.004148439,-0.004175307,-0.003306128,-0.00454756,-0.01207151,-0.01918501,]
0.5973243 [-0.007735847,-0.01482045,-0.0246853,-0.01972114,-0.01542292,-0.02454486,-0.02875286,-0.0236954,-0.02465779,-0.02577931,-0.02373318,-0.02041832,-0.01866656,-0.02014538,-0.01992683,-0.01961184,]
0.5973243 [-0.007735847,-0.01482045,-0.0246853,-0.01972114,-0.01542292,-0.02454486,-0.02875286,-0.0236954,-0.02465779,-0.02577931,-0.02373318,-0.02041832,-0.01866656,-0.02014538,-0.01992683,-0.01961184,]